-1.	-0.5	1.	0.5
15
0.47187047755077405	0.7913208514726704	1.2675375261521626	0.48653032435091026
1.250707078530331	0.32779747447099084	0.3158423752410888	-0.6281127790705061
-1.353364808117925	-0.015227239020349614	-0.5302739118215927	-0.19976052981648884
-0.3330016650590357	-0.8563387804927993	0.17856088036055162	-0.9651687939586622
0.4957313396681453	-0.10253323378514967	-1.0188629440295922	-0.6182088650113657
-0.7003403210663133	0.39983681796564685	0.741373566502312	-0.46965960212348135
-0.9406800742934975	-0.07082399745038215	0.75831105688947	0.016010042697997662
0.7707479289028534	0.3666182501499411	0.00487934550515412	-0.7787157800054008
0.16970934516491454	-0.30033079559326303	0.7425681476939303	-0.8269965855092254
1.053936544379484	0.5197043110428745	-0.22201351580138073	0.5732767744206955
0.665040357045191	0.5227753468163772	-0.5872716785583512	-0.8342837794976945
-0.16621860168595415	-0.931092770670169	-0.011014440459518049	-0.24993050373077796
0.1151938996547246	0.28879567355612235	-0.2633148295834431	-0.0616291710577781
-0.6437534440048704	0.39659005737355946	0.15128741221771236	-0.6087241847093323
-0.8889039898205091	0.6070108620981882	1.2044447389837067	-0.5665008836350611
4
3
0.6886360138398651	-0.14994161513504123	0.6926017722437425	0.20165626733220066	0.11335126214365854	0.003878481207872486
3
0.35583885285748096	-0.26778449444238595	0.3332647365571626	0.25639675217595537	-0.06506077235929641	-0.018780526123487462
3
0.9826954180805476	-0.6542334311531013	0.3873363445613789	-0.7708646181888623	0.7843532441788881	-0.3271231145156497
3
1.2116607027323703	0.34837088315906284	0.876846807015264	-0.009777188180834173	0.5868070027406205	0.2969389729846754