12
0.4411345925277922	-0.49999999999999994	1.	0.07144651142855674
-0.5302739118215927	-0.19976052981648884	-1.	-0.09445004562283052
0.4957313396681453	-0.10253323378514967	-0.6716709101479841	-0.5
-0.7003403210663133	0.39983681796564685	0.741373566502312	-0.46965960212348135
-0.9406800742934975	-0.07082399745038215	0.75831105688947	0.016010042697997662
0.7707479289028534	0.3666182501499411	0.19125262524990203	-0.5
0.16970934516491454	-0.30033079559326303	0.3868912155814762	-0.5
-0.27879020398248355	-0.5	0.6440229670286909	0.5000000000000001
-0.011014440459518049	-0.24993050373077796	-0.06799326665194927	-0.5
0.1151938996547246	0.28879567355612235	-0.2633148295834431	-0.0616291710577781
-0.6437534440048704	0.39659005737355946	0.06530417903052896	-0.49999999999999994
1.	-0.45189107245095095	-0.6980145053684246	0.5
4
3
0.6886360138398651	-0.14994161513504123	0.6926017722437425	0.20165626733220066	0.11335126214365854	0.003878481207872486
3
0.35583885285748096	-0.26778449444238595	0.3332647365571626	0.25639675217595537	-0.06506077235929641	-0.018780526123487462
3
0.6296797585518297	-0.5	0.7843532441788881	-0.3271231145156497	0.8891765271520076	-0.5
4
0.5868070027406205	0.2969389729846754	0.876846807015264	-0.009777188180834173	1.	0.12195891689438845	1.	0.33094902224902467