124
1.5	0
1.47105928998622	0.195487499282325
1.3899978375346	0.375887696969381
1.26934275307755	0.532820159449078
1.12119579586528	0.664302470376603
0.954489396660509	0.771420044582329
0.775278748189593	0.856074467842236
0.587664728973908	0.920060424663033
0.394536063591825	0.96478927912909
0.198059805758883	0.991244406085996
0	1.
-0.198059805785631	0.991244406083621
-0.394536063618246	0.964789279124288
-0.587664728999742	0.9200604246557
-0.775278748214504	0.856074467832209
-0.954489396684041	0.771420044569389
-1.12119579588676	0.664302470360489
-1.26934275309598	0.532820159429555
-1.38999783754856	0.375887696946439
-1.47105928999392	0.195487499256596
-1.5	0
-1.47105928997853	-0.195487499308053
-1.38999783752064	-0.375887696992322
-1.26934275305911	-0.532820159468601
-1.12119579584379	-0.664302470392718
-0.954489396636978	-0.77142004459527
-0.775278748164679	-0.856074467852264
-0.587664728948073	-0.920060424670367
-0.394536063565402	-0.964789279133893
-0.198059805732132	-0.991244406088372
0	-1.
0.198059805812383	-0.991244406081245
0.394536063644669	-0.964789279119486
0.587664729025577	-0.920060424648366
0.775278748239418	-0.856074467822182
0.954489396707573	-0.771420044556448
1.12119579590824	-0.664302470344374
1.26934275311443	-0.53282015941003
1.38999783756252	-0.375887696923495
1.47105929000161	-0.195487499230864
1.32664409416497	0.0868638304235879
1.28320321102135	0.287132992882931
1.12445463843932	0.427430029247259
0.787570472063032	0.638415166463053
0.43092863045692	0.777521205487338
0.0935877401707879	0.816248872620016
-0.291184140583964	0.788436663607435
-0.606990289279879	0.73551768674914
-0.942757169030095	0.575684271037536
-1.22421482408013	0.320238581370937
-1.33672265578186	0.147155891754974
-1.30743097131203	-0.0701007403185474
-1.25739078335153	-0.278189379874722
-1.09139227797774	-0.410052226764635
-0.79275730471516	-0.654700016119613
-0.446015242191959	-0.763990077885802
-0.103626170966839	-0.822376126450507
0.256636380949672	-0.822952130411798
0.626876726477398	-0.746639475179577
0.951006975433286	-0.561954846566316
1.22280880109666	-0.295592661772778
1.33748635415299	-0.144539998152279
0.964358758917689	0.544529427193198
0.599797062276315	0.709247371702558
0.274539669180918	0.8455806930753
-0.093552424134443	0.794674255378934
-0.464803038212111	0.807377000087679
-0.787611539669553	0.663380413939283
-1.09167884576543	0.452392362244473
-0.92582940603973	-0.533545794889532
-0.615734458251726	-0.698442506711577
-0.288180871727392	-0.842219748694291
0.0755512944210893	-0.823242530157237
0.448801649880099	-0.79774753452347
0.791287930726013	-0.66503070977486
1.09254326293255	-0.43777915287775
1.1469680160602	0.180964387366699
-0.433469860289036	-0.487617256843443
0.594843802393021	0.475820352323555
-0.212952438005148	0.537669528200378
0.0161414945071183	0.565192166469703
1.17250581163888	-0.0544071244535495
-0.418488312686939	0.604213121129638
-0.771944173447249	0.464414495218982
-1.04841616436456	0.24772775593052
-0.859260807450212	-0.24108300101934
-1.07579649766119	-0.142789862075139
-1.14536508012239	0.0736291191640937
-0.657082521287091	-0.392183331735304
-0.0508687436127077	-0.59170975805871
0.315704839837353	-0.645940483023869
0.641643438142883	-0.568709621046447
0.885704872019397	-0.321117136055248
0.787781432327592	0.405308186602637
0.230373891782897	0.641919455481921
-0.257537121236711	-0.638748000468279
0.96565968051361	0.295286076876835
-0.586400521922853	0.492773626339769
-0.897777378344137	0.334858976151568
0.411179365261576	0.546377681902201
0.137357523984403	-0.594392160543989
0.472486479726939	-0.589649802657022
0.754706535316671	-0.437156987701658
1.02916513293007	-0.197200741442829
-0.595545546671296	-0.0398485138191888
-0.668226368906764	0.245016603873176
-0.391573333750439	0.281103890659641
-0.884396829759297	0.0538152051510075
0.983160903968309	0.0463874080945778
0.388364658763683	0.277982481916462
-0.192636032420174	-0.392130635504763
0.174923339249854	0.373036418555124
0.0510888981715055	-0.282380466575548
-0.0913077565821725	0.259990860041087
-0.277593807828543	-0.1043167771335
0.776807112554731	0.144580367777297
0.79639160468287	-0.0800456902480348
0.608068390436093	0.261961406441686
0.632438030533705	-0.210258552908934
0.289802450103687	-0.413663851352215
0.513927564084095	-0.375312357765304
0.148545112671306	0.0531679022899358
0.342673050841896	-0.171321881500311
0.514521822848451	0.0325205394024401
206
3
1	2	41
3
2	3	42
3
41	2	42
3
3	4	42
3
4	5	43
3
6	7	44
3
8	9	45
3
10	11	46
3
12	13	47
3
14	15	48
3
16	17	49
3
18	19	50
3
19	20	51
3
50	19	51
3
20	21	51
3
21	22	52
3
22	23	53
3
52	22	53
3
23	24	53
3
24	25	54
3
26	27	55
3
28	29	56
3
30	31	57
3
32	33	58
3
34	35	59
3
36	37	60
3
38	39	61
3
39	40	62
3
61	39	62
3
40	1	62
3
4	43	42
3
5	6	63
3
7	8	64
3
9	10	65
3
11	12	66
3
13	14	67
3
15	16	68
3
17	18	69
3
53	24	54
3
21	52	51
3
25	26	70
3
27	28	71
3
29	30	72
3
31	32	73
3
33	34	74
3
35	36	75
3
37	38	76
3
65	10	46
3
1	41	62
3
43	5	63
3
45	9	65
3
46	11	66
3
47	13	67
3
48	15	68
3
49	17	69
3
54	25	70
3
56	29	72
3
57	31	73
3
58	33	74
3
59	35	75
3
60	37	76
3
64	8	45
3
66	12	47
3
67	14	48
3
68	16	49
3
69	18	50
3
72	30	57
3
73	32	58
3
74	34	59
3
75	36	60
3
76	38	61
3
63	6	44
3
7	64	44
3
71	28	56
3
70	26	55
3
27	71	55
3
41	42	77
3
71	56	78
3
44	64	79
3
66	47	80
3
46	66	81
3
66	80	81
3
62	41	82
3
47	67	83
3
80	47	83
3
67	48	83
3
68	49	84
3
69	50	85
3
54	70	86
3
53	54	87
3
52	53	87
3
54	86	87
3
50	51	88
3
85	50	88
3
51	52	88
3
55	71	89
3
71	78	89
3
57	73	90
3
58	74	91
3
59	75	92
3
60	76	93
3
63	44	94
3
44	79	94
3
65	46	95
3
45	65	95
3
46	81	95
3
61	62	82
3
42	43	77
3
56	72	96
3
78	56	96
3
72	57	96
3
43	63	97
3
63	94	97
3
57	90	96
3
77	43	97
3
82	41	77
3
48	68	98
3
68	84	98
3
49	69	99
3
84	49	99
3
69	85	99
3
52	87	88
3
79	64	100
3
64	45	100
3
48	98	83
3
70	55	89
3
73	58	101
3
74	59	102
3
91	74	102
3
59	92	102
3
75	60	103
3
92	75	103
3
60	93	103
3
76	61	104
3
93	76	104
3
61	82	104
3
86	70	89
3
100	45	95
3
73	101	90
3
101	58	91
3
86	89	105
3
98	84	106
3
80	83	107
3
83	98	107
3
88	87	108
3
85	88	108
3
87	86	108
3
82	77	109
3
77	97	109
3
79	100	110
3
78	96	111
3
96	90	111
3
100	95	112
3
95	81	112
3
90	101	113
3
81	80	114
3
98	106	107
3
80	107	114
3
108	86	105
3
89	78	115
3
105	89	115
3
78	111	115
3
111	90	113
3
109	97	116
3
97	94	116
3
110	100	112
3
104	82	109
3
112	81	114
3
93	104	117
3
104	109	117
3
94	79	118
3
116	94	118
3
79	110	118
3
114	107	115
3
103	93	119
3
93	117	119
3
84	99	106
3
101	91	120
3
113	101	120
3
91	102	120
3
92	103	121
3
102	92	121
3
103	119	121
3
108	105	106
3
120	102	121
3
110	112	122
3
111	113	115
3
113	120	123
3
120	121	123
3
117	109	116
3
112	114	122
3
117	116	124
3
113	123	122
3
113	122	115
3
106	105	107
3
99	85	108
3
115	107	105
3
123	121	119
3
110	122	124
3
118	110	124
3
124	122	123
3
123	119	124
3
122	114	115
3
108	106	99
3
117	124	119
3
116	118	124
15
1.1	0.4
-0.8	0.4
-0.7000000000000001	-0.5
-1.1	0.6000000000000001
-0.5	0.5
0.	-0.6000000000000001
1.2000000000000002	-0.4
0.5	-0.9
-0.30000000000000004	0.4
1.1	-0.1
-0.4	0.7000000000000001
0.5	-0.4
0.7000000000000001	-0.7000000000000001
-0.5	-0.2
-0.6000000000000001	0.2