124
1.5	0
1.47105928998622	0.195487499282325
1.3899978375346	0.375887696969381
1.26934275307755	0.532820159449078
1.12119579586528	0.664302470376603
0.954489396660509	0.771420044582329
0.775278748189593	0.856074467842236
0.587664728973908	0.920060424663033
0.394536063591825	0.96478927912909
0.198059805758883	0.991244406085996
0	1.
-0.198059805785631	0.991244406083621
-0.394536063618246	0.964789279124288
-0.587664728999742	0.9200604246557
-0.775278748214504	0.856074467832209
-0.954489396684041	0.771420044569389
-1.12119579588676	0.664302470360489
-1.26934275309598	0.532820159429555
-1.38999783754856	0.375887696946439
-1.47105928999392	0.195487499256596
-1.5	0
-1.47105928997853	-0.195487499308053
-1.38999783752064	-0.375887696992322
-1.26934275305911	-0.532820159468601
-1.12119579584379	-0.664302470392718
-0.954489396636978	-0.77142004459527
-0.775278748164679	-0.856074467852264
-0.587664728948073	-0.920060424670367
-0.394536063565402	-0.964789279133893
-0.198059805732132	-0.991244406088372
0	-1.
0.198059805812383	-0.991244406081245
0.394536063644669	-0.964789279119486
0.587664729025577	-0.920060424648366
0.775278748239418	-0.856074467822182
0.954489396707573	-0.771420044556448
1.12119579590824	-0.664302470344374
1.26934275311443	-0.53282015941003
1.38999783756252	-0.375887696923495
1.47105929000161	-0.195487499230864
1.32664409416497	0.0868638304235879
1.28320321102135	0.287132992882931
1.12445463843932	0.427430029247259
0.787570472063032	0.638415166463053
0.43092863045692	0.777521205487338
0.0935877401707879	0.816248872620016
-0.291184140583964	0.788436663607435
-0.606990289279879	0.73551768674914
-0.942757169030095	0.575684271037536
-1.22421482408013	0.320238581370937
-1.33672265578186	0.147155891754974
-1.30743097131203	-0.0701007403185474
-1.25739078335153	-0.278189379874722
-1.09139227797774	-0.410052226764635
-0.79275730471516	-0.654700016119613
-0.446015242191959	-0.763990077885802
-0.103626170966839	-0.822376126450507
0.256636380949672	-0.822952130411798
0.626876726477398	-0.746639475179577
0.951006975433286	-0.561954846566316
1.22280880109666	-0.295592661772778
1.33748635415299	-0.144539998152279
0.964358758917689	0.544529427193198
0.599797062276315	0.709247371702558
0.274539669180918	0.8455806930753
-0.093552424134443	0.794674255378934
-0.464803038212111	0.807377000087679
-0.787611539669553	0.663380413939283
-1.09167884576543	0.452392362244473
-0.92582940603973	-0.533545794889532
-0.615734458251726	-0.698442506711577
-0.288180871727392	-0.842219748694291
0.0755512944210893	-0.823242530157237
0.448801649880099	-0.79774753452347
0.791287930726013	-0.66503070977486
1.09254326293255	-0.43777915287775
1.1469680160602	0.180964387366699
-0.433469860289036	-0.487617256843443
0.594843802393021	0.475820352323555
-0.212952438005148	0.537669528200378
0.0161414945071183	0.565192166469703
1.17250581163888	-0.0544071244535495
-0.418488312686939	0.604213121129638
-0.771944173447249	0.464414495218982
-1.04841616436456	0.24772775593052
-0.859260807450212	-0.24108300101934
-1.07579649766119	-0.142789862075139
-1.14536508012239	0.0736291191640937
-0.657082521287091	-0.392183331735304
-0.0508687436127077	-0.59170975805871
0.315704839837353	-0.645940483023869
0.641643438142883	-0.568709621046447
0.885704872019397	-0.321117136055248
0.787781432327592	0.405308186602637
0.230373891782897	0.641919455481921
-0.257537121236711	-0.638748000468279
0.96565968051361	0.295286076876835
-0.586400521922853	0.492773626339769
-0.897777378344137	0.334858976151568
0.411179365261576	0.546377681902201
0.137357523984403	-0.594392160543989
0.472486479726939	-0.589649802657022
0.754706535316671	-0.437156987701658
1.02916513293007	-0.197200741442829
-0.595545546671296	-0.0398485138191888
-0.668226368906764	0.245016603873176
-0.391573333750439	0.281103890659641
-0.884396829759297	0.0538152051510075
0.983160903968309	0.0463874080945778
0.388364658763683	0.277982481916462
-0.192636032420174	-0.392130635504763
0.174923339249854	0.373036418555124
0.0510888981715055	-0.282380466575548
-0.0913077565821725	0.259990860041087
-0.277593807828543	-0.1043167771335
0.776807112554731	0.144580367777297
0.79639160468287	-0.0800456902480348
0.608068390436093	0.261961406441686
0.632438030533705	-0.210258552908934
0.289802450103687	-0.413663851352215
0.513927564084095	-0.375312357765304
0.148545112671306	0.0531679022899358
0.342673050841896	-0.171321881500311
0.514521822848451	0.0325205394024401
658
1	2	0.2
1	40	0.2
1	41	0.19
1	62	0.22
2	3	0.2
2	41	0.18
2	42	0.21
3	4	0.2
3	42	0.14
4	5	0.2
4	42	0.25
4	43	0.18
5	6	0.2
5	43	0.24
5	63	0.2
6	7	0.2
6	44	0.21
6	63	0.23
7	8	0.2
7	44	0.22
7	64	0.23
8	9	0.2
8	45	0.21
8	64	0.21
9	10	0.2
9	45	0.19
9	65	0.17
10	11	0.2
10	46	0.2
10	65	0.16
11	12	0.2
11	46	0.21
11	66	0.23
12	13	0.2
12	47	0.22
12	66	0.22
13	14	0.2
13	47	0.2
13	67	0.17
14	15	0.2
14	48	0.19
14	67	0.17
15	16	0.2
15	48	0.21
15	68	0.19
16	17	0.2
16	49	0.2
16	68	0.2
17	18	0.2
17	49	0.2
17	69	0.21
18	19	0.2
18	50	0.22
18	69	0.2
19	20	0.2
19	50	0.17
19	51	0.23
20	21	0.2
20	51	0.14
21	22	0.2
21	51	0.22
21	52	0.2
22	23	0.2
22	52	0.21
22	53	0.23
23	24	0.2
23	53	0.16
24	25	0.2
24	53	0.25
24	54	0.22
25	26	0.2
25	54	0.26
25	70	0.24
26	27	0.2
26	55	0.2
26	70	0.24
27	28	0.2
27	55	0.2
27	71	0.22
28	29	0.2
28	56	0.21
28	71	0.22
29	30	0.2
29	56	0.21
29	72	0.16
30	31	0.2
30	57	0.19
30	72	0.17
31	32	0.2
31	57	0.21
31	73	0.19
32	33	0.2
32	58	0.18
32	73	0.21
33	34	0.2
33	58	0.2
33	74	0.18
34	35	0.2
34	59	0.18
34	74	0.19
35	36	0.2
35	59	0.18
35	75	0.19
36	37	0.2
36	60	0.21
36	75	0.19
37	38	0.2
37	60	0.2
37	76	0.23
38	39	0.2
38	61	0.24
38	76	0.2
39	40	0.2
39	61	0.19
39	62	0.24
40	62	0.14
41	42	0.2
41	62	0.23
41	77	0.2
41	82	0.21
42	43	0.21
42	77	0.17
43	63	0.2
43	77	0.25
43	97	0.21
44	63	0.2
44	64	0.2
44	79	0.25
44	94	0.23
45	64	0.18
45	65	0.17
45	95	0.24
45	100	0.23
46	65	0.18
46	66	0.19
46	81	0.26
46	95	0.22
47	66	0.2
47	67	0.17
47	80	0.26
47	83	0.22
48	67	0.16
48	68	0.19
48	83	0.23
48	98	0.24
49	68	0.18
49	69	0.19
49	84	0.2
49	99	0.24
50	51	0.21
50	69	0.19
50	85	0.19
50	88	0.26
51	52	0.22
51	88	0.2
52	53	0.21
52	87	0.24
52	88	0.22
53	54	0.21
53	87	0.23
54	70	0.21
54	86	0.29
54	87	0.27
55	70	0.18
55	71	0.18
55	89	0.3
56	71	0.18
56	72	0.18
56	78	0.28
56	96	0.23
57	72	0.19
57	73	0.18
57	90	0.24
57	96	0.24
58	73	0.18
58	74	0.19
58	91	0.19
58	101	0.26
59	74	0.19
59	75	0.18
59	92	0.18
59	102	0.22
60	75	0.19
60	76	0.19
60	93	0.25
60	103	0.23
61	62	0.19
61	76	0.19
61	82	0.25
61	104	0.22
62	82	0.19
63	94	0.22
63	97	0.25
64	79	0.23
64	100	0.25
65	95	0.21
66	80	0.28
66	81	0.25
67	83	0.21
68	84	0.2
68	98	0.26
69	85	0.21
69	99	0.23
70	86	0.3
70	89	0.3
71	78	0.28
71	89	0.31
72	96	0.21
73	90	0.26
73	101	0.24
74	91	0.2
74	102	0.21
75	92	0.18
75	103	0.23
76	93	0.24
76	104	0.25
77	82	0.24
77	97	0.21
77	109	0.21
78	89	0.24
78	96	0.23
78	111	0.26
78	115	0.41000000000000003
79	94	0.21
79	100	0.2
79	110	0.29
79	118	0.21
80	81	0.23
80	83	0.22
80	107	0.31
80	114	0.3
81	95	0.23
81	112	0.25
81	114	0.32
82	104	0.2
82	109	0.21
83	98	0.2
83	107	0.32
84	98	0.19
84	99	0.18
84	106	0.24
85	88	0.2
85	99	0.17
85	108	0.25
86	87	0.24
86	89	0.25
86	105	0.33
86	108	0.3
87	88	0.23
87	108	0.27
88	108	0.26
89	105	0.36
89	115	0.48
90	96	0.21
90	101	0.19
90	111	0.24
90	113	0.33
91	101	0.19
91	102	0.17
91	120	0.23
92	102	0.17
92	103	0.17
92	121	0.23
93	103	0.18
93	104	0.19
93	117	0.26
93	119	0.28
94	97	0.21
94	116	0.26
94	118	0.23
95	100	0.2
95	112	0.27
96	111	0.26
97	109	0.25
97	116	0.24
98	106	0.26
98	107	0.29
99	106	0.25
99	108	0.28
100	110	0.27
100	112	0.29
101	113	0.32
101	120	0.24
102	120	0.25
102	121	0.22
103	119	0.26
103	121	0.25
104	109	0.25
104	117	0.26
105	106	0.29
105	107	0.38
105	108	0.3
105	115	0.32
106	107	0.28
106	108	0.29
107	114	0.3
107	115	0.4
109	116	0.23
109	117	0.23
110	112	0.23
110	118	0.22
110	122	0.33
110	124	0.28
111	113	0.27
111	115	0.3
112	114	0.29
112	122	0.32
113	115	0.37
113	120	0.27
113	122	0.35000000000000003
113	123	0.31
114	115	0.41000000000000003
114	122	0.32
115	122	0.45
116	117	0.23
116	118	0.21
116	124	0.29
117	119	0.21
117	124	0.3
118	124	0.25
119	121	0.2
119	123	0.29
119	124	0.27
120	121	0.23
120	123	0.25
121	123	0.27
122	123	0.3
122	124	0.37
123	124	0.27
2	1	0.4
40	1	0.4
41	1	0.38
62	1	0.44
3	2	0.4
41	2	0.36
42	2	0.42
4	3	0.4
42	3	0.28
5	4	0.4
42	4	0.5
43	4	0.36
6	5	0.4
43	5	0.48
63	5	0.4
7	6	0.4
44	6	0.42
63	6	0.46
8	7	0.4
44	7	0.44
64	7	0.46
9	8	0.4
45	8	0.42
64	8	0.42
10	9	0.4
45	9	0.38
65	9	0.34
11	10	0.4
46	10	0.4
65	10	0.32
12	11	0.4
46	11	0.42
66	11	0.46
13	12	0.4
47	12	0.44
66	12	0.44
14	13	0.4
47	13	0.4
67	13	0.34
15	14	0.4
48	14	0.38
67	14	0.34
16	15	0.4
48	15	0.42
68	15	0.38
17	16	0.4
49	16	0.4
68	16	0.4
18	17	0.4
49	17	0.4
69	17	0.42
19	18	0.4
50	18	0.44
69	18	0.4
20	19	0.4
50	19	0.34
51	19	0.46
21	20	0.4
51	20	0.28
22	21	0.4
51	21	0.44
52	21	0.4
23	22	0.4
52	22	0.42
53	22	0.46
24	23	0.4
53	23	0.32
25	24	0.4
53	24	0.5
54	24	0.44
26	25	0.4
54	25	0.52
70	25	0.48
27	26	0.4
55	26	0.4
70	26	0.48
28	27	0.4
55	27	0.4
71	27	0.44
29	28	0.4
56	28	0.42
71	28	0.44
30	29	0.4
56	29	0.42
72	29	0.32
31	30	0.4
57	30	0.38
72	30	0.34
32	31	0.4
57	31	0.42
73	31	0.38
33	32	0.4
58	32	0.36
73	32	0.42
34	33	0.4
58	33	0.4
74	33	0.36
35	34	0.4
59	34	0.36
74	34	0.38
36	35	0.4
59	35	0.36
75	35	0.38
37	36	0.4
60	36	0.42
75	36	0.38
38	37	0.4
60	37	0.4
76	37	0.46
39	38	0.4
61	38	0.48
76	38	0.4
40	39	0.4
61	39	0.38
62	39	0.48
62	40	0.28
42	41	0.4
62	41	0.46
77	41	0.4
82	41	0.42
43	42	0.42
77	42	0.34
63	43	0.4
77	43	0.5
97	43	0.42
63	44	0.4
64	44	0.4
79	44	0.5
94	44	0.46
64	45	0.36
65	45	0.34
95	45	0.48
100	45	0.46
65	46	0.36
66	46	0.38
81	46	0.52
95	46	0.44
66	47	0.4
67	47	0.34
80	47	0.52
83	47	0.44
67	48	0.32
68	48	0.38
83	48	0.46
98	48	0.48
68	49	0.36
69	49	0.38
84	49	0.4
99	49	0.48
51	50	0.42
69	50	0.38
85	50	0.38
88	50	0.52
52	51	0.44
88	51	0.4
53	52	0.42
87	52	0.48
88	52	0.44
54	53	0.42
87	53	0.46
70	54	0.42
86	54	0.58
87	54	0.54
70	55	0.36
71	55	0.36
89	55	0.6
71	56	0.36
72	56	0.36
78	56	0.56
96	56	0.46
72	57	0.38
73	57	0.36
90	57	0.48
96	57	0.48
73	58	0.36
74	58	0.38
91	58	0.38
101	58	0.52
74	59	0.38
75	59	0.36
92	59	0.36
102	59	0.44
75	60	0.38
76	60	0.38
93	60	0.5
103	60	0.46
62	61	0.38
76	61	0.38
82	61	0.5
104	61	0.44
82	62	0.38
94	63	0.44
97	63	0.5
79	64	0.46
100	64	0.5
95	65	0.42
80	66	0.56
81	66	0.5
83	67	0.42
84	68	0.4
98	68	0.52
85	69	0.42
99	69	0.46
86	70	0.6
89	70	0.6
78	71	0.56
89	71	0.62
96	72	0.42
90	73	0.52
101	73	0.48
91	74	0.4
102	74	0.42
92	75	0.36
103	75	0.46
93	76	0.48
104	76	0.5
82	77	0.48
97	77	0.42
109	77	0.42
89	78	0.48
96	78	0.46
111	78	0.52
115	78	0.8200000000000001
94	79	0.42
100	79	0.4
110	79	0.58
118	79	0.42
81	80	0.46
83	80	0.44
107	80	0.62
114	80	0.6
95	81	0.46
112	81	0.5
114	81	0.64
104	82	0.4
109	82	0.42
98	83	0.4
107	83	0.64
98	84	0.38
99	84	0.36
106	84	0.48
88	85	0.4
99	85	0.34
108	85	0.5
87	86	0.48
89	86	0.5
105	86	0.66
108	86	0.6
88	87	0.46
108	87	0.54
108	88	0.52
105	89	0.72
115	89	0.96
96	90	0.42
101	90	0.38
111	90	0.48
113	90	0.66
101	91	0.38
102	91	0.34
120	91	0.46
102	92	0.34
103	92	0.34
121	92	0.46
103	93	0.36
104	93	0.38
117	93	0.52
119	93	0.56
97	94	0.42
116	94	0.52
118	94	0.46
100	95	0.4
112	95	0.54
111	96	0.52
109	97	0.5
116	97	0.48
106	98	0.52
107	98	0.58
106	99	0.5
108	99	0.56
110	100	0.54
112	100	0.58
113	101	0.64
120	101	0.48
120	102	0.5
121	102	0.44
119	103	0.52
121	103	0.5
109	104	0.5
117	104	0.52
106	105	0.58
107	105	0.76
108	105	0.6
115	105	0.64
107	106	0.56
108	106	0.58
114	107	0.6
115	107	0.8
116	109	0.46
117	109	0.46
112	110	0.46
118	110	0.44
122	110	0.66
124	110	0.56
113	111	0.54
115	111	0.6
114	112	0.58
122	112	0.64
115	113	0.74
120	113	0.54
122	113	0.7000000000000001
123	113	0.62
115	114	0.8200000000000001
122	114	0.64
122	115	0.9
117	116	0.46
118	116	0.42
124	116	0.58
119	117	0.42
124	117	0.6
124	118	0.5
121	119	0.4
123	119	0.58
124	119	0.54
121	120	0.46
123	120	0.5
123	121	0.54
123	122	0.6
124	122	0.74
124	123	0.54
2
5	24
24	5